   0.0000000000000000      ,   0.0000000000000000     
   5.0000000000000003E-002 ,   1.2111599342525963E-002
  0.10000000000000001      ,   4.3834272843120088E-002
  0.14999999999999999      ,   8.9236639416346034E-002
  0.20000000000000001      ,  0.14353733785305431     
  0.25000000000000000      ,  0.20292185793250050     
  0.29999999999999999      ,  0.26438508175463082     
  0.34999999999999998      ,  0.32559630150336788     
  0.40000000000000002      ,  0.38478384184188053     
  0.45000000000000001      ,  0.44063674178224682     
  0.50000000000000000      ,  0.49222124505102910     
  0.55000000000000004      ,  0.53891011239693409     
  0.59999999999999998      ,  0.58032300649279722     
  0.65000000000000002      ,  0.61627641244156417     
  0.69999999999999996      ,  0.64674174661522532     
  0.75000000000000000      ,  0.67181047569420393     
  0.80000000000000004      ,  0.69166521824289551     
  0.84999999999999998      ,  0.70655593472490441     
  0.90000000000000002      ,  0.71678043016473991     
  0.94999999999999996      ,  0.72266849820916079     
   1.0000000000000000      ,  0.72456912751722957     
   1.0500000000000000      ,  0.72284027248442995     
   1.1000000000000001      ,  0.71784076144504738     
   1.1499999999999999      ,  0.70992397775771821     
   1.2000000000000000      ,  0.69943300352477444     
   1.2500000000000000      ,  0.68669696299996752     
   1.3000000000000000      ,  0.67202834379062615     
   1.3500000000000001      ,  0.65572110947153750     
   1.3999999999999999      ,  0.63804944796236485     
   1.4500000000000000      ,  0.61926703371980496     
   1.5000000000000000      ,  0.59960673723520186     
   1.5500000000000000      ,  0.57928073042705808     
   1.6000000000000001      ,  0.55848091227483732     
   1.6499999999999999      ,  0.53737958231525862     
   1.7000000000000000      ,  0.51613030033000540     
   1.7500000000000000      ,  0.49486888016691200     
   1.8000000000000000      ,  0.47371447409763207     
   1.8500000000000001      ,  0.45277071153213000     
   1.8999999999999999      ,  0.43212686238516740     
   1.9500000000000000      ,  0.41185900101615636     
   2.0000000000000000      ,  0.39203115152840684     
   2.0499999999999998      ,  0.37269639939722127     
   2.1000000000000001      ,  0.35389795797265894     
   2.1499999999999999      ,  0.33567018144009181     
   2.2000000000000002      ,  0.31803951838220795     
   2.2500000000000000      ,  0.30102540222676910     
   2.2999999999999998      ,  0.28464107663676935     
   2.3500000000000001      ,  0.26889435535053241     
   2.3999999999999999      ,  0.25378831715081518     
   2.4500000000000002      ,  0.23932193757205322     
   2.5000000000000000      ,  0.22549065967729051     
   2.5499999999999998      ,  0.21228690678115730     
   2.6000000000000001      ,  0.19970054038912596     
   2.6499999999999999      ,  0.18771926688963880     
   2.7000000000000002      ,  0.17632899669512492     
   2.7500000000000000      ,  0.16551415961054802     
   2.7999999999999998      ,  0.15525798100035798     
   2.8500000000000001      ,  0.14554272686451294     
   2.8999999999999999      ,  0.13634992506019400     
   2.9500000000000002      ,  0.12766056490570091     
   3.0000000000000000      ,  0.11945527626753637     
   3.0499999999999998      ,  0.11171448925324858     
   3.1000000000000001      ,  0.10441857566161317     
   3.1499999999999999      ,   9.7547973355518861E-002
   3.2000000000000002      ,   9.1083294723530758E-002
   3.2500000000000000      ,   8.5005420385354552E-002
   3.2999999999999998      ,   7.9295579276021128E-002
   3.3500000000000001      ,   7.3935416215111224E-002
   3.3999999999999999      ,   6.8907048032143745E-002
   3.4500000000000002      ,   6.4193109278655097E-002
   3.5000000000000000      ,   5.9776788512655561E-002
   3.5499999999999998      ,   5.5641856093090442E-002
   3.6000000000000001      ,   5.1772684371602942E-002
   3.6499999999999999      ,   4.8154261117093602E-002
   3.7000000000000002      ,   4.4772196956032774E-002
   3.7500000000000000      ,   4.1612727558821602E-002
   3.7999999999999998      ,   3.8662711250260572E-002
   3.8500000000000001      ,   3.5909622670824044E-002
   3.8999999999999999      ,   3.3341543065339090E-002
   3.9500000000000002      ,   3.0947147727137692E-002
   4.0000000000000000      ,   2.8715691079047066E-002
   4.0499999999999998      ,   2.6636989827892761E-002
   4.0999999999999996      ,   2.4701404587228554E-002
   4.1500000000000004      ,   2.2899820363548314E-002
   4.2000000000000002      ,   2.1223626457236727E-002
   4.2500000000000000      ,   1.9664696254285789E-002
   4.2999999999999998      ,   1.8215367077901574E-002
   4.3499999999999996      ,   1.6868420186793381E-002
   4.4000000000000004      ,   1.5617060996233176E-002
   4.4500000000000002      ,   1.4454899589362120E-002
   4.5000000000000000      ,   1.3375931578082886E-002
   4.5499999999999998      ,   1.2374519365213874E-002
   4.5999999999999996      ,   1.1445373852390696E-002
   4.6500000000000004      ,   1.0583536631480548E-002
   4.7000000000000002      ,   9.7843626910176420E-003
   4.7500000000000000      ,   9.0435036633658272E-003
   4.7999999999999998      ,   8.3568916329578493E-003
   4.8499999999999996      ,   7.7207235210360794E-003
   4.9000000000000004      ,   7.1314460578153086E-003
   4.9500000000000002      ,   6.5857413488879446E-003
   5.0000000000000000      ,   6.0805130389800935E-003
   5.0499999999999998      ,   5.6128730728269866E-003
   5.0999999999999996      ,   5.1801290499481735E-003
   5.1500000000000004      ,   4.7797721674505680E-003
   5.2000000000000002      ,   4.4094657426494537E-003
   5.2500000000000000      ,   4.0670343052553858E-003
   5.2999999999999998      ,   3.7504532471089851E-003
   5.3499999999999996      ,   3.4578390159355874E-003
   5.4000000000000004      ,   3.1874398383186335E-003
   5.4500000000000002      ,   2.9376269560749254E-003
   5.5000000000000000      ,   2.7068863624915918E-003
   5.5499999999999998      ,   2.4938110399483101E-003
   5.5999999999999996      ,   2.2970936972628486E-003
   5.6500000000000004      ,   2.1155199817274950E-003
   5.7000000000000002      ,   1.9479621361681064E-003
   5.7500000000000000      ,   1.7933730729731473E-003
   5.7999999999999998      ,   1.6507808387165575E-003
   5.8499999999999996      ,   1.5192834445823995E-003
   5.9000000000000004      ,   1.3980440392957604E-003
   5.9500000000000002      ,   1.2862864026776297E-003
   6.0000000000000000      ,   1.1832907392753634E-003
   6.0499999999999998      ,   1.0883897527790903E-003
   6.0999999999999996      ,   1.0009649831215189E-003
   6.1500000000000004      ,   9.2044338927788245E-004
   6.2000000000000002      ,   8.4629416183752226E-004
   6.2500000000000000      ,   7.7802575041223594E-004
   6.2999999999999998      ,   7.1518309188209209E-004
   6.3499999999999996      ,   6.5734502635995018E-004
   6.4000000000000004      ,   6.0412188858430217E-004
   6.4500000000000002      ,   5.5515326322903857E-004
   6.5000000000000000      ,   5.1010589335080084E-004
   6.5499999999999998      ,   4.6867173188245968E-004
   6.5999999999999996      ,   4.3056612672703410E-004
   6.6500000000000004      ,   3.9552613061255175E-004
   6.7000000000000002      ,   3.6330892743699803E-004
   6.7500000000000000      ,   3.3369036736568099E-004
   6.7999999999999998      ,   3.0646360344134565E-004
   6.8499999999999996      ,   2.8143782277952848E-004
   6.9000000000000004      ,   2.5843706502876984E-004
   6.9500000000000002      ,   2.3729912128620751E-004
   7.0000000000000000      ,   2.1787450829359451E-004
   7.0499999999999998      ,   2.0002551334941582E-004
   7.0999999999999996      ,   1.8362530560971235E-004
   7.1500000000000004      ,   1.6855710966956694E-004
   7.2000000000000002      ,   1.5471343752880058E-004
   7.2500000000000000      ,   1.4199537524938835E-004
   7.2999999999999998      ,   1.3031192080850814E-004
   7.3499999999999996      ,   1.1957936984003260E-004
   7.4000000000000004      ,   1.0972074613881080E-004
   7.4500000000000002      ,   1.0066527397631825E-004
   7.5000000000000000      ,   9.2347889443304668E-005
   7.5499999999999998      ,   8.4708788195051086E-005
   7.5999999999999996      ,   7.7693007127864803E-005
   7.6500000000000004      ,   7.1250037661633656E-005
   7.7000000000000002      ,   6.5333468442744141E-005
   7.7500000000000000      ,   5.9900655414587836E-005
   7.7999999999999998      ,   5.4912417329374717E-005
   7.8499999999999996      ,   5.0332754895188574E-005
   7.9000000000000004      ,   4.6128591866319873E-005
   7.9500000000000002      ,   4.2269536493049724E-005
   8.0000000000000000      ,   3.8727661849409734E-005
   8.0500000000000007      ,   3.5477303654180210E-005
   8.0999999999999996      ,   3.2494874291691701E-005
   8.1500000000000004      ,   2.9758691825304559E-005
   8.1999999999999993      ,   2.7248822901868989E-005
   8.2500000000000000      ,   2.4946938659719594E-005
   8.3000000000000007      ,   2.2836182814606670E-005
   8.3499999999999996      ,   2.0901050950923400E-005
   8.4000000000000004      ,   1.9127280062790045E-005
   8.4499999999999993      ,   1.7501747466266647E-005
   8.5000000000000000      ,   1.6012378276505668E-005
   8.5500000000000007      ,   1.4648060710565121E-005
   8.5999999999999996      ,   1.3398568538295525E-005
   8.6500000000000004      ,   1.2254490060596507E-005
   8.6999999999999993      ,   1.1207163046771005E-005
   8.7500000000000000      ,   1.0248615111024301E-005
   8.8000000000000007      ,   9.3715090526797924E-006
   8.8499999999999996      ,   8.5690927256918459E-006
   8.9000000000000004      ,   7.8351530407993296E-006
   8.9499999999999993      ,   7.1639737384199434E-006
   9.0000000000000000      ,   6.5502966023553354E-006
   9.0500000000000007      ,   5.9892858137678672E-006
   9.0999999999999996      ,   5.4764951718804335E-006
   9.1500000000000004      ,   5.0078379326155589E-006
   9.1999999999999993      ,   4.5795590390809758E-006
   9.2500000000000000      ,   4.1882095385673211E-006
   9.3000000000000007      ,   3.8306229996828097E-006
   9.3499999999999996      ,   3.5038937605253767E-006
   9.4000000000000004      ,   3.2053568545007873E-006
   9.4499999999999993      ,   2.9325694746370875E-006
   9.5000000000000000      ,   2.6832938500558941E-006
   9.5500000000000007      ,   2.4554814126105659E-006
   9.5999999999999996      ,   2.2472580984219824E-006
   9.6500000000000004      ,   2.0569106385194912E-006
   9.6999999999999993      ,   1.8828737702004206E-006
   9.7500000000000000      ,   1.7237183239197782E-006
   9.8000000000000007      ,   1.5781401414013725E-006
   9.8499999999999996      ,   1.4449497810834247E-006
   9.9000000000000004      ,   1.3230629676655656E-006
   9.9499999999999993      ,   1.2114917433849104E-006
   10.000000000000000      ,   1.1093362796924559E-006
   10.050000000000001      ,   1.0157773092043215E-006
   10.100000000000000      ,   9.3006913914085201E-007
   10.150000000000000      ,   8.5153320891843242E-007
   10.199999999999999      ,   7.7955215610125199E-007
   10.250000000000000      ,   7.1356435653163781E-007
   10.300000000000001      ,   6.5305890611777480E-007
   10.350000000000000      ,   5.9757101344625454E-007
   10.400000000000000      ,   5.4667777408583138E-007
   10.449999999999999      ,   4.9999429914017701E-007
   10.500000000000000      ,   4.5717017227504695E-007
   10.550000000000001      ,   4.1788621107449619E-007
   10.600000000000000      ,   3.8185151015775842E-007
   10.650000000000000      ,   3.4880074500168983E-007
   10.699999999999999      ,   3.1849171685287056E-007
   10.750000000000000      ,   2.9070312047023523E-007
   10.800000000000001      ,   2.6523251770711361E-007
   10.850000000000000      ,   2.4189450112356773E-007
   10.900000000000000      ,   2.2051903382635232E-007
   10.949999999999999      ,   2.0094995864038668E-007
   11.000000000000000      ,   1.8304367085182954E-007
   11.050000000000001      ,   1.6666793981214428E-007
   11.100000000000000      ,   1.5170086302271549E-007
   11.150000000000000      ,   1.3802993781181865E-007
   11.199999999999999      ,   1.2555123716720840E-007
   11.250000000000000      ,   1.1416867760367533E-007
   11.300000000000001      ,   1.0379336814247506E-007
   11.350000000000000      ,   9.4343030573126953E-008
   11.400000000000000      ,   8.5741482170379911E-008
   11.449999999999999      ,   7.7918172960811123E-008
   11.500000000000000      ,   7.0807770483531372E-008
   11.550000000000001      ,   6.4349785775238400E-008
   11.600000000000000      ,   5.8488235037273744E-008
   11.650000000000000      ,   5.3171332116122857E-008
   11.699999999999999      ,   4.8351207552441959E-008
   11.750000000000000      ,   4.3983650529756348E-008
   11.800000000000001      ,   4.0027870584193268E-008
   11.850000000000000      ,   3.6446276421988978E-008
   11.900000000000000      ,   3.3204269632596260E-008
   11.949999999999999      ,   3.0270051482119598E-008
   12.000000000000000      ,   2.7614441324446600E-008
   12.050000000000001      ,   2.5210705475662021E-008
   12.100000000000000      ,   2.3034395661024654E-008
   12.150000000000000      ,   2.1063196363119316E-008
   12.199999999999999      ,   1.9276780573866712E-008
   12.250000000000000      ,   1.7656673386661070E-008
   12.300000000000001      ,   1.6186121592867677E-008
   12.350000000000000      ,   1.4849967299059549E-008
   12.400000000000000      ,   1.3634525817140374E-008
   12.449999999999999      ,   1.2527468650682030E-008
   12.500000000000000      ,   1.1517712184754196E-008
   12.550000000000001      ,   1.0595312470966287E-008
   12.600000000000000      ,   9.7513663140611672E-009
   12.650000000000000      ,   8.9779187103454817E-009
   12.699999999999999      ,   8.2678765602916318E-009
   12.750000000000000      ,   7.6149284762709041E-009
   12.800000000000001      ,   7.0134704297775234E-009
   12.850000000000000      ,   6.4585369286336962E-009
   12.900000000000000      ,   5.9457373813023554E-009
   12.949999999999999      ,   5.4711972901867617E-009
   13.000000000000000      ,   5.0315039161679985E-009
   13.050000000000001      ,   4.6236560700523446E-009
   13.100000000000000      ,   4.2450177104622929E-009
   13.150000000000000      ,   3.8932750594132340E-009
   13.199999999999999      ,   3.5663969838197643E-009
   13.250000000000000      ,   3.2625984310074863E-009
   13.300000000000001      ,   2.9803067466339455E-009
   13.350000000000000      ,   2.7181307420746992E-009
   13.400000000000000      ,   2.4748324133486459E-009
   13.449999999999999      ,   2.2493012433264562E-009
   13.500000000000000      ,   2.0405310418615785E-009
   13.550000000000001      ,   1.8475992937179364E-009
   13.600000000000000      ,   1.6696490241404487E-009
   13.650000000000000      ,   1.5058734301717492E-009
   13.699999999999999      ,   1.3555035450652973E-009
   13.750000000000000      ,   1.2177987492500771E-009
   13.800000000000001      ,   1.0920397920551827E-009
   13.850000000000000      ,   9.7752399706504674E-010
   13.900000000000000      ,   8.7356233713694593E-010
   13.949999999999999      ,   7.7947807773017464E-010
   14.000000000000000      ,   6.9460670034025446E-010
   14.050000000000001      ,   6.1829683229834901E-010
   14.100000000000000      ,   5.4991192553116825E-010
   14.150000000000000      ,   4.8883244540018883E-010
   14.199999999999999      ,   4.3445835156548125E-010
   14.250000000000000      ,   3.8621167588336388E-010
   14.300000000000001      ,   3.4353902742497275E-010
   14.350000000000000      ,   3.0591388143575078E-010
   14.400000000000000      ,   2.7283853697394251E-010
   14.449999999999999      ,   2.4384565651003700E-010
   14.500000000000000      ,   2.1849932931403748E-010
   14.550000000000001      ,   1.9639562833610509E-010
   14.600000000000000      ,   1.7716265681123556E-010
   14.650000000000000      ,   1.6046010530674296E-010
   14.699999999999999      ,   1.4597836172516559E-010
   14.750000000000000      ,   1.3343723526711326E-010
   14.800000000000001      ,   1.2258437001360341E-010
   14.850000000000000      ,   1.1319343416595899E-010
   14.900000000000000      ,   1.0506217673484939E-010
   14.949999999999999      ,   9.8010439246006197E-011
   15.000000000000000      ,   9.1878164650364433E-011
   15.050000000000001      ,   8.6523419836214825E-011
   15.100000000000000      ,   8.1820497503106594E-011
   15.150000000000000      ,   7.7658165815325331E-011
   15.199999999999999      ,   7.3938111531566677E-011
   15.250000000000000      ,   7.0573601044120818E-011
   15.300000000000001      ,   6.7488365414004411E-011
   15.350000000000000      ,   6.4615700219669991E-011
   15.400000000000000      ,   6.1897758910985045E-011
   15.449999999999999      ,   5.9285009354201521E-011
   15.500000000000000      ,   5.6735817266267641E-011
   15.550000000000001      ,   5.4216117097287286E-011
   15.600000000000000      ,   5.1699130397165280E-011
   15.650000000000000      ,   4.9165093514295456E-011
   15.699999999999999      ,   4.6600960296327791E-011
   15.750000000000000      ,   4.4000050938452147E-011
   15.800000000000001      ,   4.1361624872339304E-011
   15.850000000000000      ,   3.8690363213278789E-011
   15.900000000000000      ,   3.5995754383013494E-011
   15.949999999999999      ,   3.3291384703701229E-011
   16.000000000000000      ,   3.0594143629456660E-011
   16.050000000000001      ,   2.7923360482963992E-011
   16.100000000000001      ,   2.5299895763544658E-011
   16.149999999999999      ,   2.2745214997733909E-011
   16.199999999999999      ,   2.0280476470918598E-011
   16.250000000000000      ,   1.7925665830220454E-011
   16.300000000000001      ,   1.5698811597469574E-011
   16.350000000000001      ,   1.3615323311920966E-011
   16.399999999999999      ,   1.1687490594097560E-011
   16.449999999999999      ,   9.9241537012879800E-012
   16.500000000000000      ,   8.3305419268391299E-012
   16.550000000000001      ,   6.9082705217983598E-012
   16.600000000000001      ,   5.6554820500354113E-012
   16.649999999999999      ,   4.5671140342093707E-012
   16.699999999999999      ,   3.6352715425453944E-012
   16.750000000000000      ,   2.8496810902194333E-012
   16.800000000000001      ,   2.1982009254636616E-012
   16.850000000000001      ,   1.6673624412066832E-012
   16.899999999999999      ,   1.2429180649581968E-012
   16.949999999999999      ,   9.1037246875237865E-013
   17.000000000000000      ,   6.5547621674576439E-013
   17.050000000000001      ,   4.6466391772829119E-013
   17.100000000000001      ,   3.2542244256494764E-013
   17.149999999999999      ,   2.2657865792575307E-013
   17.199999999999999      ,   1.5850026362542861E-013
   17.250000000000000      ,   1.1320754234062922E-013
   17.300000000000001      ,   8.4397977355344001E-014
   17.350000000000001      ,   6.7389609623415586E-014
   17.399999999999999      ,   5.8992540785597564E-014
   17.449999999999999      ,   5.7321006700926048E-014
   17.500000000000000      ,   6.1560825592143256E-014
   17.550000000000001      ,   7.1708665557716821E-014
   17.600000000000001      ,   8.8300401968337929E-014
   17.649999999999999      ,   1.1214573490979904E-013
   17.699999999999999      ,   1.4408455458720231E-013
   17.750000000000000      ,   1.8477726693701549E-013
   17.800000000000001      ,   2.3453806644736447E-013
   17.850000000000001      ,   2.9321672435048259E-013
   17.899999999999999      ,   3.6013104161083414E-013
   17.949999999999999      ,   4.3404904312259800E-013
   18.000000000000000      ,   5.1321734720971562E-013
   18.050000000000001      ,   5.9542998067058968E-013
   18.100000000000001      ,   6.7813025159904564E-013
   18.149999999999999      ,   7.5853714886920400E-013
   18.199999999999999      ,   8.3378710063017962E-013
   18.250000000000000      ,   9.0108177172000779E-013
   18.300000000000001      ,   9.5783287590449414E-013
   18.350000000000001      ,   1.0017956764831724E-012
   18.399999999999999      ,   1.0311838920268039E-012
   18.449999999999999      ,   1.0447600493586631E-012
   18.500000000000000      ,   1.0418968643553498E-012
   18.550000000000001      ,   1.0226069100210181E-012
   18.600000000000001      ,   9.8753957604383348E-013
   18.649999999999999      ,   9.3794606016007690E-013
   18.699999999999999      ,   8.7561478649083297E-013
   18.750000000000000      ,   8.0278115067650873E-013
   18.800000000000001      ,   7.2201678280270136E-013
   18.850000000000001      ,   6.3610454092507762E-013
   18.899999999999999      ,   5.4790615390152563E-013
   18.949999999999999      ,   4.6022978708842204E-013
   19.000000000000000      ,   3.7570485661413504E-013
   19.050000000000001      ,   2.9667160145849567E-013
   19.100000000000001      ,   2.2509192518746584E-013
   19.149999999999999      ,   1.6248488689554294E-013
   19.199999999999999      ,   1.0988807414259594E-013
   19.250000000000000      ,   6.7844722876114513E-014
   19.300000000000001      ,   3.6415252837130188E-014
   19.350000000000001      ,   1.5210859792326894E-014
   19.399999999999999      ,   3.4459718535751519E-015
   19.449999999999999      ,   5.7506107774627154E-018
   19.500000000000000      ,   3.5244048385727950E-015
   19.550000000000001      ,   1.2469883554042188E-014
   19.600000000000001      ,   2.5230517835212809E-014
   19.649999999999999      ,   4.0199372749413923E-014
   19.699999999999999      ,   5.5852432568209600E-014
   19.750000000000000      ,   7.0817250468955036E-014
   19.800000000000001      ,   8.3929321009351452E-014
   19.850000000000001      ,   9.4274150072440538E-014
   19.899999999999999      ,   1.0121377120614910E-013
   19.949999999999999      ,   1.0439725687792577E-013
   20.000000000000000      ,   1.0375556558339202E-013
   20.050000000000001      ,   9.9481819172765981E-014
   20.100000000000001      ,   9.1998788941517800E-014
   20.149999999999999      ,   8.1915956125046459E-014
   20.199999999999999      ,   6.9978977829631707E-014
   20.250000000000000      ,   5.7014712582403472E-014
   20.300000000000001      ,   4.3875124995825025E-014
   20.350000000000001      ,   3.1383399019511460E-014
   20.399999999999999      ,   2.0285505404693416E-014
   20.449999999999999      ,   1.1209960466674064E-014
   20.500000000000000      ,   4.6374356477755028E-015
   20.550000000000001      ,   8.8102825800648357E-016
   20.600000000000001      ,   7.7362770063782001E-017
   20.649999999999999      ,   2.1881243940800333E-015
   20.699999999999999      ,   7.0111381702126746E-015
   20.750000000000000      ,   1.4199707744048916E-014
   20.800000000000001      ,   2.3288624479652232E-014
   20.850000000000001      ,   3.3725052030239196E-014
   20.899999999999999      ,   4.4902382972768398E-014
   20.949999999999999      ,   5.6195148669268556E-014
   21.000000000000000      ,   6.6993134566759318E-014
   21.050000000000001      ,   7.6733001854496166E-014
   21.100000000000001      ,   8.4925932040028037E-014
   21.149999999999999      ,   9.1180081345155121E-014
   21.199999999999999      ,   9.5216943472707440E-014
   21.250000000000000      ,   9.6881058090952177E-014
   21.300000000000001      ,   9.6142853752593731E-014
   21.350000000000001      ,   9.3094763299897481E-014
   21.399999999999999      ,   8.7941082828791211E-014
   21.449999999999999      ,   8.0982348416856613E-014
   21.500000000000000      ,   7.2595265558749032E-014
   21.550000000000001      ,   6.3209433534981735E-014
   21.600000000000001      ,   5.3282251514970664E-014
   21.649999999999999      ,   4.3273468012966281E-014
   21.699999999999999      ,   3.3620843627734417E-014
   21.750000000000000      ,   2.4718390410498152E-014
   21.800000000000001      ,   1.6898453076293954E-014
   21.850000000000001      ,   1.0418362510693465E-014
   21.899999999999999      ,   5.4519854829803872E-015
   21.949999999999999      ,   2.0862131421336856E-015
   22.000000000000000      ,   3.2218349232411651E-016
   22.050000000000001      ,   8.0819999052061078E-017
   22.100000000000001      ,   1.2120944579084443E-015
   22.149999999999999      ,   3.5072901227630865E-015
   22.199999999999999      ,   6.7134520224053441E-015
   22.250000000000000      ,   1.0549165068446856E-014
   22.300000000000001      ,   1.4720795302614968E-014
   22.350000000000001      ,   1.8938362599085376E-014
   22.399999999999999      ,   2.2930280463654603E-014
   22.449999999999999      ,   2.6456295543430374E-014
   22.500000000000000      ,   2.9318080681070030E-014
   22.550000000000001      ,   3.1367074899882658E-014
   22.600000000000001      ,   3.2509315319303053E-014
   22.649999999999999      ,   3.2707163214025013E-014
   22.699999999999999      ,   3.1977982759609940E-014
   22.750000000000000      ,   3.0389980108440443E-014
   22.800000000000001      ,   2.8055546273701753E-014
   22.850000000000001      ,   2.5122564297457539E-014
   22.899999999999999      ,   2.1764234409037646E-014
   22.949999999999999      ,   1.8168036209606044E-014
   23.000000000000000      ,   1.4524481186903216E-014
   23.050000000000001      ,   1.1016312720743107E-014
   23.100000000000001      ,   7.8088027477467905E-015
   23.149999999999999      ,   5.0417067157443189E-015
   23.199999999999999      ,   2.8232119278875473E-015
   23.250000000000000      ,   1.2260355022395766E-015
   23.300000000000001      ,   2.8570133995907537E-016
   23.350000000000001      ,   9.1380443431513583E-019
   23.399999999999999      ,   3.3584949218800292E-016
   23.449999999999999      ,   1.2241096206283655E-015
   23.500000000000000      ,   2.5740154470147555E-015
   23.550000000000001      ,   4.2748883002313159E-015
   23.600000000000001      ,   6.2039341120626179E-015
   23.649999999999999      ,   8.2333490380550932E-015
   23.699999999999999      ,   1.0237276594030833E-014
   23.750000000000000      ,   1.2098275984485065E-014
   23.800000000000001      ,   1.3713003865778936E-014
   23.850000000000001      ,   1.4996865266662503E-014
   23.899999999999999      ,   1.5887451145243190E-014
   23.949999999999999      ,   1.6346647300002962E-014
   24.000000000000000      ,   1.6361369192202153E-014
   24.050000000000001      ,   1.5942946785132846E-014
   24.100000000000001      ,   1.5125249930530764E-014
   24.149999999999999      ,   1.3961705437008417E-014
   24.199999999999999      ,   1.2521409250640013E-014
   24.250000000000000      ,   1.0884578956285111E-014
   24.300000000000001      ,   9.1376212172301880E-015
   24.350000000000001      ,   7.3681043879479850E-015
   24.399999999999999      ,   5.6599285977427257E-015
   24.449999999999999      ,   4.0889831027812899E-015
   24.500000000000000      ,   2.7195443854138021E-015
   24.550000000000001      ,   1.6015663288421604E-015
   24.600000000000001      ,   7.6893217317246197E-016
   24.649999999999999      ,   2.3868136102249810E-016
   24.699999999999999      ,   1.1174679282585783E-017
   24.750000000000000      ,   7.1118192137493062E-017
   24.800000000000001      ,   3.8933128527751232E-016
   24.850000000000001      ,   9.2511728398519161E-016
   24.899999999999999      ,   1.6290768165605095E-015
   24.949999999999999      ,   2.4461943165956858E-015
   25.000000000000000      ,   3.3190264720636685E-015
   25.050000000000001      ,   4.1908274797746311E-015
   25.100000000000001      ,   5.0084588915153367E-015
   25.149999999999999      ,   5.7249507141801731E-015
   25.199999999999999      ,   6.3016041842211731E-015
   25.250000000000000      ,   6.7095541060229565E-015
   25.300000000000001      ,   6.9307385817533133E-015
   25.350000000000001      ,   6.9582550851128344E-015
   25.399999999999999      ,   6.7961128550697868E-015
   25.449999999999999      ,   6.4584212462715384E-015
   25.500000000000000      ,   5.9680807675335684E-015
   25.550000000000001      ,   5.3550669575120725E-015
   25.600000000000001      ,   4.6544160006904035E-015
   25.649999999999999      ,   3.9040342476258329E-015
   25.699999999999999      ,   3.1424609319954734E-015
   25.750000000000000      ,   2.4067144110441462E-015
   25.800000000000001      ,   1.7303510177397636E-015
   25.850000000000001      ,   1.1418501257563156E-015
   25.899999999999999      ,   6.6339417906847829E-016
   25.949999999999999      ,   3.1007576579702273E-016
   26.000000000000000      ,   8.9538443852648078E-017
   26.050000000000001      ,   2.0357709969864938E-018
   26.100000000000001      ,   4.0873753847515769E-017
   26.149999999999999      ,   1.9318613438273904E-016
   26.199999999999999      ,   4.4097984142778425E-016
   26.250000000000000      ,   7.6237966224213945E-016
   26.300000000000001      ,   1.1329967151448702E-015
   26.350000000000001      ,   1.5273444877482313E-015
   26.399999999999999      ,   1.9202288012546705E-015
   26.449999999999999      ,   2.2880437331703962E-015
   26.500000000000000      ,   2.6099138663853217E-015
   26.550000000000001      ,   2.8686337580379179E-015
   26.600000000000001      ,   3.0513677161527101E-015
   26.649999999999999      ,   3.1500862825764274E-015
   26.699999999999999      ,   3.1617296763130107E-015
   26.750000000000000      ,   3.0881022778137752E-015
   26.800000000000001      ,   2.9355154693131006E-015
   26.850000000000001      ,   2.7142082520260168E-015
   26.899999999999999      ,   2.4375855415524955E-015
   26.949999999999999      ,   2.1213224568369540E-015
   27.000000000000000      ,   1.7823888938236218E-015
   27.050000000000001      ,   1.4380519252555466E-015
   27.100000000000001      ,   1.1049140889768353E-015
   27.149999999999999      ,   7.9804512107129817E-016
   27.199999999999999      ,   5.3025818380803915E-016
   27.250000000000000      ,   3.1156175538077286E-016
   27.300000000000001      ,   1.4880176046867888E-016
   27.350000000000001      ,   4.5497161283098612E-017
   27.399999999999999      ,   1.8622872420477900E-018
   27.449999999999999      ,   1.5000577327688950E-017
   27.500000000000000      ,   7.9247333980386759E-017
   27.550000000000001      ,   1.8663366008857687E-016
   27.600000000000001      ,   3.2744002372179161E-016
   27.649999999999999      ,   4.9080586114511999E-016
   27.699999999999999      ,   6.6536122620799464E-016
   27.750000000000000      ,   8.3984761521174690E-016
   27.800000000000001      ,   1.0036975920493778E-015
   27.850000000000001      ,   1.1475465259169180E-015
   27.899999999999999      ,   1.2636544227724334E-015
   27.949999999999999      ,   1.3462212504270402E-015
   28.000000000000000      ,   1.3915850795519938E-015
   28.050000000000001      ,   1.3982985347331805E-015
   28.100000000000001      ,   1.3670852151398822E-015
   28.149999999999999      ,   1.3006836524224017E-015
   28.199999999999999      ,   1.2035917845094906E-015
   28.250000000000000      ,   1.0817296163070970E-015
   28.300000000000001      ,   9.4204151452988519E-016
   28.350000000000001      ,   7.9206227750842363E-016
   28.399999999999999      ,   6.3947260269951647E-016
   28.449999999999999      ,   4.9166983319581702E-016
   28.500000000000000      ,   3.5537964011922364E-016
   28.550000000000001      ,   2.3633155138194996E-016
   28.600000000000001      ,   1.3901246711404543E-016
   28.649999999999999      ,   6.6504819792901102E-017
   28.699999999999999      ,   2.0410946313391125E-017
   28.750000000000000      ,   8.6079316876262818E-019
   28.800000000000001      ,   6.5962233855001727E-018
   28.850000000000001      ,   3.5122020982972393E-017
   28.899999999999999      ,   8.2911249362164515E-017
   28.949999999999999      ,   1.4565093828763695E-016
   29.000000000000000      ,   2.1851314729425285E-016
   29.050000000000001      ,   2.9643625476252834E-016
   29.100000000000001      ,   3.7440180384924802E-016
   29.149999999999999      ,   4.4769333306248827E-016
   29.199999999999999      ,   5.1212524939755025E-016
   29.250000000000000      ,   5.6423187209792318E-016
   29.300000000000001      ,   6.0140918229324497E-016
   29.350000000000001      ,   6.2200444843066204E-016
   29.399999999999999      ,   6.2535164630631076E-016
   29.449999999999999      ,   6.1175334157273820E-016
   29.500000000000000      ,   5.8241233989866481E-016
   29.550000000000001      ,   5.3931882853429483E-016
   29.600000000000001      ,   4.8510083381933159E-016
   29.649999999999999      ,   4.2284751387309466E-016
   29.699999999999999      ,   3.5591601971109374E-016
   29.750000000000000      ,   2.8773333331184130E-016
   29.800000000000001      ,   2.2160461866486455E-016
   29.850000000000001      ,   1.6053952506869182E-016
   29.899999999999999      ,   1.0710672764437654E-016
   29.949999999999999      ,   6.3323118287252423E-017
   30.000000000000000      ,   3.0580681265980408E-017
   30.050000000000001      ,   9.6118059362496436E-018
   30.100000000000001      ,   4.9180128558680708E-019
   30.149999999999999      ,   2.6756526072968059E-018
   30.199999999999999      ,   1.5064638250357873E-017
   30.250000000000000      ,   3.6097328482404296E-017
   30.300000000000001      ,   6.3858730123095395E-017
   30.350000000000001      ,   9.6200918846881645E-017
   30.399999999999999      ,   1.3086840430246144E-016
   30.449999999999999      ,   1.6562168041913337E-016
   30.500000000000000      ,   1.9835289530843998E-016
   30.550000000000001      ,   2.2718829602649037E-016
   30.600000000000001      ,   2.5057302159339524E-016
   30.649999999999999      ,   2.6733488726916530E-016
   30.699999999999999      ,   2.7672497538945563E-016
   30.750000000000000      ,   2.7843407262042768E-016
   30.800000000000001      ,   2.7258521946211419E-016
   30.850000000000001      ,   2.5970381527683610E-016
   30.899999999999999      ,   2.4066780329761847E-016
   30.949999999999999      ,   2.1664140071541285E-016
   31.000000000000000      ,   1.8899659955808775E-016
   31.050000000000001      ,   1.5922721122320063E-016
   31.100000000000001      ,   1.2886053513091969E-016
   31.149999999999999      ,   9.9371794351477743E-017
   31.199999999999999      ,   7.2106438661934344E-017
   31.250000000000000      ,   4.8214930408833979E-017
   31.300000000000001      ,   2.8602921946901149E-017
   31.350000000000001      ,   1.3898208281547444E-017
   31.399999999999999      ,   4.4348153739168690E-018
   31.449999999999999      ,   2.5369563940209417E-019
   31.500000000000000      ,   1.1187301079936719E-018
   31.550000000000001      ,   6.5460989337268508E-018
   31.600000000000001      ,   1.5844589470470068E-017
   31.649999999999999      ,   2.8164069064062886E-017
   31.699999999999999      ,   4.2549157775342408E-017
   31.750000000000000      ,   5.7995089385841096E-017
   31.800000000000001      ,   7.3502837975976526E-017
   31.850000000000001      ,   8.8130799194231136E-017
   31.899999999999999      ,   1.0104063408201076E-016
   31.949999999999999      ,   1.1153529052113736E-016
   32.000000000000000      ,   1.1908769265451579E-016
   32.049999999999997      ,   1.2335911028248319E-016
   32.100000000000001      ,   1.2420676578104015E-016
   32.149999999999999      ,   1.2168078285871805E-016
   32.200000000000003      ,   1.1601110718762255E-016
   32.250000000000000      ,   1.0758551229395249E-016
   32.299999999999997      ,   9.6920225293131999E-017
   32.350000000000001      ,   8.4625048434859299E-017
   32.399999999999999      ,   7.1365099000182623E-017
   32.450000000000003      ,   5.7821430145344809E-017
   32.500000000000000      ,   4.4652825614954477E-017
   32.549999999999997      ,   3.2461042693792524E-017
   32.600000000000001      ,   2.1761574309233629E-017
   32.649999999999999      ,   1.2961249390764760E-017
   32.700000000000003      ,   6.3433021022722008E-018
   32.750000000000000      ,   2.0600815935716053E-018
   32.799999999999997      ,   1.3317636950867021E-019
   32.850000000000001      ,   4.6038169746719577E-019
   32.899999999999999      ,   2.8286524955153653E-018
   32.950000000000003      ,   6.9319628545966912E-018
   33.000000000000000      ,   1.2392839085647723E-017
   33.049999999999997      ,   1.8786245885208999E-017
   33.100000000000001      ,   2.5664482678323343E-017
   33.149999999999999      ,   3.2581785337653517E-017
   33.200000000000003      ,   3.9117421576250712E-017
   33.250000000000000      ,   4.4896209279313167E-017
   33.299999999999997      ,   4.9605567672641177E-017
   33.350000000000001      ,   5.3008422457305669E-017
   33.399999999999999      ,   5.4951518203195741E-017
   33.450000000000003      ,   5.5368934373045999E-017
   33.500000000000000      ,   5.4280845237118220E-017
   33.549999999999997      ,   5.1787798696280164E-017
   33.600000000000001      ,   4.8061005138964069E-017
   33.649999999999999      ,   4.3329316074847247E-017
   33.700000000000003      ,   3.7863725509022639E-017
   33.750000000000000      ,   3.1960338129781286E-017
   33.799999999999997      ,   2.5922812113333017E-017
   33.850000000000001      ,   2.0045298994680173E-017
   33.899999999999999      ,   1.4596894879952362E-017
   33.950000000000003      ,   9.8085320067408161E-018
   34.000000000000000      ,   5.8629087721180926E-018
   34.049999999999997      ,   2.8877455850952203E-018
   34.100000000000001      ,   9.5244792235266328E-019
   34.149999999999999      ,   6.8080141412741787E-020
   34.200000000000003      ,   1.9039881179884524E-019
   34.250000000000000      ,   1.2255660793805629E-018
   34.299999999999997      ,   3.0380641398645511E-018
   34.350000000000001      ,   5.4602623355053466E-018
   34.399999999999999      ,   8.3030487034628058E-018
   34.450000000000003      ,   1.1366927035774327E-017
   34.500000000000000      ,   1.4452996856859810E-017
   34.549999999999997      ,   1.7373274652811134E-017
   34.600000000000001      ,   1.9959877050234051E-017
   34.649999999999999      ,   2.2072666793367852E-017
   34.700000000000003      ,   2.3605056272331838E-017
   34.750000000000000      ,   2.4487766706358379E-017
   34.799999999999997      ,   2.4690449419771692E-017
   34.850000000000001      ,   2.4221184457720686E-017
   34.899999999999999      ,   2.3123976636751369E-017
   34.950000000000003      ,   2.1474465760779723E-017
   35.000000000000000      ,   1.9374152204082253E-017
   35.049999999999997      ,   1.6943507831508406E-017
   35.100000000000001      ,   1.4314392282432547E-017
   35.149999999999999      ,   1.1622223621713181E-017
   35.200000000000003      ,   8.9983593833055769E-018
   35.250000000000000      ,   6.5631404045384963E-018
   35.299999999999997      ,   4.4200141308172735E-018
   35.350000000000001      ,   2.6510085298037540E-018
   35.399999999999999      ,   1.3136874748731388E-018
   35.450000000000003      ,   4.3962596496900233E-019
   35.500000000000000      ,   3.4363986814862467E-020
   35.549999999999997      ,   7.8728496796633623E-020
   35.600000000000001      ,   5.3135548326920572E-019
   35.649999999999999      ,   1.3321993867741564E-018
   35.700000000000003      ,   2.4067857962057212E-018
   35.750000000000000      ,   3.6709453140596787E-018
   35.799999999999997      ,   5.0357613755898761E-018
   35.850000000000001      ,   6.4124718192658932E-018
   35.899999999999999      ,   7.7170820169999108E-018
   35.950000000000003      ,   8.8744749840929433E-018
   36.000000000000000      ,   9.8218394779669080E-018
   36.049999999999997      ,   1.0511278865094769E-017
   36.100000000000001      ,   1.0911509567989704E-017
   36.149999999999999      ,   1.1008606207974283E-017
   36.200000000000003      ,   1.0805799123333748E-017
   36.250000000000000      ,   1.0322376785399609E-017
   36.299999999999997      ,   9.5917888575235816E-018
   36.350000000000001      ,   8.6590834766096856E-018
   36.399999999999999      ,   7.5778432001140594E-018
   36.450000000000003      ,   6.4068066038697672E-018
   36.500000000000000      ,   5.2063756739015985E-018
   36.549999999999997      ,   4.0352124714121099E-018
   36.600000000000001      ,   2.9471269136485307E-018
   36.649999999999999      ,   1.9884425322410539E-018
   36.700000000000003      ,   1.1959630744065261E-018
   36.750000000000000      ,   5.9559947376203706E-019
   36.799999999999997      ,   2.0167514832952692E-019
   36.850000000000001      ,   1.6891968538193737E-020
   36.899999999999999      ,   3.2908175687398015E-020
   36.950000000000003      ,   2.3145373041071902E-019
   37.000000000000000      ,   5.8588849291291034E-019
   37.049999999999997      ,   1.0630945062869544E-018
   37.100000000000001      ,   1.6255854803936260E-018
   37.149999999999999      ,   2.2337141739199404E-018
   37.200000000000003      ,   2.8478613944116862E-018
   37.250000000000000      ,   3.4304982819374147E-018
   37.299999999999997      ,   3.9480257895892875E-018
   37.350000000000001      ,   4.3723111003685012E-018
   37.399999999999999      ,   4.6818593242065414E-018
   37.450000000000003      ,   4.8625793446893522E-018
   37.500000000000000      ,   4.9081242437467622E-018
   37.549999999999997      ,   4.8198084257046509E-018
   37.600000000000001      ,   4.6061245042986580E-018
   37.649999999999999      ,   4.2819023580263007E-018
   37.700000000000003      ,   3.8671697097231899E-018
   37.750000000000000      ,   3.3857874361010203E-018
   37.799999999999997      ,   2.8639429570135237E-018
   37.850000000000001      ,   2.3285910143024802E-018
   37.899999999999999      ,   1.8059327120812739E-018
   37.950000000000003      ,   1.3200229273490902E-018
   38.000000000000000      ,   8.9158988496184247E-019
   38.049999999999997      ,   5.3712253462963019E-019
   38.100000000000001      ,   2.6825274494604894E-019
   38.149999999999999      ,   9.1440618754222882E-020
   38.200000000000003      ,   7.9552746955611905E-021
   38.250000000000000      ,   1.4129511650216008E-020
   38.299999999999997      ,   1.0185519403116788E-019
   38.350000000000001      ,   2.5927717516590375E-019
   38.399999999999999      ,   4.7163721535161335E-019
   38.450000000000003      ,   7.2221565631805332E-019
   38.500000000000000      ,   9.9331750433786241E-019
   38.549999999999997      ,   1.2672508937141067E-018
   38.600000000000001      ,   1.5272494287298740E-018
   38.649999999999999      ,   1.7582953577247727E-018
   38.700000000000003      ,   1.9478075947945950E-018
   38.750000000000000      ,   2.0861669146012049E-018
   38.799999999999997      ,   2.1670598209289294E-018
   38.850000000000001      ,   2.1876322322111044E-018
   38.899999999999999      ,   2.1484538350627940E-018
   38.950000000000003      ,   2.0533033333736452E-018
   39.000000000000000      ,   1.9087934851314294E-018
   39.049999999999997      ,   1.7238624173656318E-018
   39.100000000000001      ,   1.5091639232449416E-018
   39.149999999999999      ,   1.2763940027792396E-018
   39.200000000000003      ,   1.0375935948426135E-018
   39.250000000000000      ,   8.0446816012782251E-019
   39.299999999999997      ,   5.8776439489568171E-019
   39.350000000000001      ,   3.9674165659589886E-019
   39.399999999999999      ,   2.3876326240160613E-019
   39.450000000000003      ,   1.1901985942571206E-019
   39.500000000000000      ,   4.0388618743637981E-020
   39.549999999999997      ,   3.4248371578394728E-021
   39.600000000000001      ,   6.4762746951518699E-021
   39.649999999999999      ,   4.5905354786575531E-020
   39.700000000000003      ,   1.1640030206754858E-019
   39.750000000000000      ,   2.1135343589398148E-019
   39.799999999999997      ,   3.2328317874932840E-019
   39.850000000000001      ,   4.4427584167965209E-019
   39.899999999999999      ,   5.6642384350020004E-019
   39.950000000000003      ,   6.8223860692774116E-019
   40.000000000000000      ,   7.8501882815896545E-019
   40.049999999999997      ,   8.6915799147934605E-019
   40.100000000000001      ,   9.3037873616799430E-019
   40.149999999999999      ,   9.6588580696697284E-019
   40.200000000000003      ,   9.7443365277957109E-019
   40.250000000000000      ,   9.5630910009469945E-019
   40.299999999999997      ,   9.1323373951002926E-019
   40.350000000000001      ,   8.4819455440854863E-019
   40.399999999999999      ,   7.6521473085084622E-019
   40.450000000000003      ,   6.6907937394529222E-019
   40.500000000000000      ,   5.6503289616291586E-019
   40.549999999999997      ,   4.5846604062224753E-019
   40.600000000000001      ,   3.5461080824121470E-019
   40.649999999999999      ,   2.5826134577502366E-019
   40.700000000000003      ,   1.7353765940066218E-019
   40.750000000000000      ,   1.0370350030482355E-019
   40.799999999999997      ,   5.1043868513959688E-020
   40.850000000000001      ,   1.6803744790517806E-020
   40.899999999999999      ,   1.1864244113400867E-021
   40.950000000000003      ,   3.4070061772917270E-021
   41.000000000000000      ,   2.1794249084135105E-020
   41.049999999999997      ,   5.3932190041685344E-020
   41.100000000000001      ,   9.6831639388313615E-020
   41.149999999999999      ,   1.4712093752974790E-019
   41.200000000000003      ,   2.0124514904122546E-019
   41.250000000000000      ,   2.5566315769653174E-019
   41.299999999999997      ,   3.0703286138928458E-019
   41.350000000000001      ,   3.5237579272053891E-019
   41.399999999999999      ,   3.8921394283826763E-019
   41.450000000000003      ,   4.1567326947892926E-019
   41.500000000000000      ,   4.3055024658320260E-019
   41.549999999999997      ,   4.3333978088595901E-019
   41.600000000000001      ,   4.2422479820313196E-019
   41.649999999999999      ,   4.0402970767863722E-019
   41.700000000000003      ,   3.7414170826333499E-019
   41.750000000000000      ,   3.3640543584879384E-019
   41.799999999999997      ,   2.9299769696043990E-019
   41.850000000000001      ,   2.4628994052810710E-019
   41.899999999999999      ,   1.9870663950129745E-019
   41.950000000000003      ,   1.5258786604337168E-019
   42.000000000000000      ,   1.1006420487762995E-019
   42.049999999999997      ,   7.2951582796484133E-020
   42.100000000000001      ,   4.2671097048668689E-020
   42.149999999999999      ,   2.0196208079836507E-020
   42.200000000000003      ,   6.0278968568469829E-021
   42.250000000000000      ,   1.9690982950410346E-022
   42.299999999999997      ,   2.2909326886358304E-021
   42.350000000000001      ,   1.1503476222478248E-020
   42.399999999999999      ,   2.6700442631798397E-020
   42.450000000000003      ,   4.6499777410611039E-020
   42.500000000000000      ,   6.9359299979861421E-020
   42.549999999999997      ,   9.3667737177905828E-020
   42.600000000000001      ,   1.1783414180052589E-019
   42.649999999999999      ,   1.4037124179782564E-019
   42.700000000000003      ,   1.5996880742471912E-019
   42.750000000000000      ,   1.7555381233196769E-019
   42.799999999999997      ,   1.8633496575988080E-019
   42.850000000000001      ,   1.9183006987779672E-019
   42.899999999999999      ,   1.9187557083987546E-019
   42.950000000000003      ,   1.8661858593986966E-019
   43.000000000000000      ,   1.7649256466297435E-019
   43.049999999999997      ,   1.6217854242947959E-019
   43.100000000000001      ,   1.4455463902140494E-019
   43.149999999999999      ,   1.2463700931878791E-019
   43.200000000000003      ,   1.0351584688760913E-019
   43.250000000000000      ,   8.2290251579172582E-020
   43.299999999999997      ,   6.2005790205192179E-020
   43.350000000000001      ,   4.3598469614244094E-020
   43.399999999999999      ,   2.7848532063819836E-020
   43.450000000000003      ,   1.5346307741328963E-020
   43.500000000000000      ,   6.4710749423463622E-021
   43.549999999999997      ,   1.3830435459307451E-021
   43.600000000000001      ,   2.7887149528832280E-023
   43.649999999999999      ,   2.1526571077574248E-021
   43.700000000000003      ,   7.3314306901278480E-021
   43.750000000000000      ,   1.4998683832411645E-020
   43.799999999999997      ,   2.4488139806234420E-020
   43.850000000000001      ,   3.5074727462075514E-020
   43.899999999999999      ,   4.6017281479751706E-020
   43.950000000000003      ,   5.6599723820128656E-020
   44.000000000000000      ,   6.6168668897480012E-020
   44.049999999999997      ,   7.4165681009831987E-020
   44.100000000000001      ,   8.0152765429087243E-020
   44.149999999999999      ,   8.3830076935161109E-020
   44.200000000000003      ,   8.5045263153993406E-020
   44.250000000000000      ,   8.3794305995899239E-020
   44.299999999999997      ,   8.0214163936256408E-020
   44.350000000000001      ,   7.4567932450661524E-020
   44.399999999999999      ,   6.7223612183368690E-020
   44.450000000000003      ,   5.8627888406488501E-020
   44.500000000000000      ,   4.9276566965428158E-020
   44.549999999999997      ,   3.9683469570023252E-020
   44.600000000000001      ,   3.0349656255204942E-020
   44.649999999999999      ,   2.1734810736683338E-020
   44.700000000000003      ,   1.4232521220648863E-020
   44.750000000000000      ,   8.1509787878395334E-021
   44.799999999999997      ,   3.7000109977440339E-021
   44.850000000000001      ,   9.8472656805693179E-022
   44.899999999999999      ,   5.6297440153045447E-024
   44.950000000000003      ,   6.6472577397435584E-022
   45.000000000000000      ,   2.7768584633104107E-021
   45.049999999999997      ,   6.0853027896863850E-021
   45.100000000000001      ,   1.0280483183515615E-020
   45.149999999999999      ,   1.5020601839565459E-020
   45.200000000000003      ,   1.9952939516355384E-020
   45.250000000000000      ,   2.4734629821226166E-020
   45.299999999999997      ,   2.9051801306393800E-020
   45.350000000000001      ,   3.2636122642909191E-020
   45.399999999999999      ,   3.5277966294941452E-020
   45.450000000000003      ,   3.6835616135989363E-020
   45.500000000000000      ,   3.7240174310723304E-020
   45.549999999999997      ,   3.6496061938579563E-020
   45.600000000000001      ,   3.4677246452347100E-020
   45.649999999999999      ,   3.1919555107390373E-020
   45.700000000000003      ,   2.8409639570140597E-020
   45.750000000000000      ,   2.4371331307399071E-020
   45.799999999999997      ,   2.0050263562735133E-020
   45.850000000000001      ,   1.5697726116585531E-020
   45.899999999999999      ,   1.1554758436720104E-020
   45.950000000000003      ,   7.8374717293304119E-021
   46.000000000000000      ,   4.7245197266915143E-021
   46.049999999999997      ,   2.3475209899934646E-021
   46.100000000000001      ,   7.8504561334858537E-022
   46.149999999999999      ,   6.0408198705801294E-023
   46.200000000000003      ,   1.4315220511768546E-022
   46.250000000000000      ,   9.5388291555731183E-022
   46.299999999999997      ,   2.3719334273150941E-021
   46.350000000000001      ,   4.2452183492055723E-021
   46.399999999999999      ,   6.4015451669802926E-021
   46.450000000000003      ,   8.6606136210557549E-021
   46.500000000000000      ,   1.0845937282432842E-020
   46.549999999999997      ,   1.2795965639790880E-020
   46.600000000000001      ,   1.4373764941697527E-020
   46.649999999999999      ,   1.5474726204406540E-020
   46.700000000000003      ,   1.6031902763153655E-020
   46.750000000000000      ,   1.6018730433036990E-020
   46.799999999999997      ,   1.5449043249443624E-020
   46.850000000000001      ,   1.4374459168261002E-020
   46.899999999999999      ,   1.2879365330077226E-020
   46.950000000000003      ,   1.1073874074607102E-020
   47.000000000000000      ,   9.0852418340276225E-021
   47.049999999999997      ,   7.0483370175709220E-021
   47.100000000000001      ,   5.0958046047719986E-021
   47.149999999999999      ,   3.3486000911878764E-021
   47.200000000000003      ,   1.9075507189088593E-021
   47.250000000000000      ,   8.4654617674339060E-022
   47.299999999999997      ,   2.0786455553779872E-022
   47.350000000000001      ,   4.6791196314054975E-027
   47.399999999999999      ,   1.9822426878170127E-022
   47.450000000000003      ,   7.4774503696234994E-022
   47.500000000000000      ,   1.5692855204670017E-021
   47.549999999999997      ,   2.5663678169791087E-021
   47.600000000000001      ,   3.6337351974845997E-021
   47.649999999999999      ,   4.6661682713376884E-021
   47.700000000000003      ,   5.5669902092533734E-021
   47.750000000000000      ,   6.2556029069396082E-021
   47.799999999999997      ,   6.6734901979572900E-021
   47.850000000000001      ,   6.7882537979499189E-021
   47.899999999999999      ,   6.5954036730881206E-021
   47.950000000000003      ,   6.1177970435545694E-021
   48.000000000000000      ,   5.4027986995080250E-021
   48.049999999999997      ,   4.5174089252479422E-021
   48.100000000000001      ,   3.5417634524994372E-021
   48.149999999999999      ,   2.5615423937973554E-021
   48.200000000000003      ,   1.6599228730136501E-021
   48.250000000000000      ,   9.0976522701037329E-022
   48.299999999999997      ,   3.6672906924735989E-022
   48.350000000000001      ,   6.3969156728985995E-023
   48.399999999999999      ,   8.9603548815623112E-024
   48.450000000000003      ,   1.8284740552430986E-022
   48.500000000000000      ,   5.4251330191627280E-022
   48.549999999999997      ,   1.0253181595445738E-021
   48.600000000000001      ,   1.5561908966911251E-021
   48.649999999999999      ,   2.0564756074164370E-021
   48.700000000000003      ,   2.4536643098096391E-021
   48.750000000000000      ,   2.6908859838307471E-021
   48.799999999999997      ,   2.7347357391068750E-021
   48.850000000000001      ,   2.5800477364591291E-021
   48.899999999999999      ,   2.2506777140251687E-021
   48.950000000000003      ,   1.7959592660297341E-021
   49.000000000000000      ,   1.2831501262097567E-021
   49.049999999999997      ,   7.8682532869326750E-022
   49.100000000000001      ,   3.7672047252539100E-022
   49.149999999999999      ,   1.0590134800794756E-022
   49.200000000000003      ,   1.2679817531055085E-024
   49.250000000000000      ,   5.8242047134793434E-023
   49.299999999999997      ,   2.4101222197733725E-022
   49.350000000000001      ,   4.8893053414890294E-022
   49.399999999999999      ,   7.2861161440152085E-022
   49.450000000000003      ,   8.9008028231963856E-022
   49.500000000000000      ,   9.2408893933238870E-022
   49.549999999999997      ,   8.1669354581301355E-022
   49.600000000000001      ,   5.9661212430920376E-022
   49.649999999999999      ,   3.3114435242352609E-022
   49.700000000000003      ,   1.0793856272179316E-022
   49.750000000000000      ,   3.1762045921159863E-024
   49.799999999999997      ,   4.2422664785938059E-023
   49.850000000000001      ,   1.6918977324799637E-022
   49.899999999999999      ,   2.4900227971136681E-022
   49.950000000000003      ,   1.5440856639784012E-022
   50.000000000000000      ,   1.6524886626241657E-046
